20 
16 
19 
20 
3 
4 
8 
2 
1 
9 
4 
11 
13 
25 
96 
13 
20 
45 
13 
2 
4  

예제데이터 : 
50
-9999
11
1
-9999
9999



1 2 2 3 4 8 13 16 9 4 11 13 25 96 20 20 45 13 19 4  (heap 만든 후 heap의 상태)
1 2 2 3 4 4 4 8 9 11 13 13 13 16 19 20 20 25 45 96 (heap sort한 상태)
1 2 2 3 4 8 13 16 9 4 11 13 25 96 20 20 45 13 19 4 50 (50을 insert 한 상태)
2 2 8 3 4 13 13 16 9 4 11 50 25 96 20 20 45 13 19 4 (min값을 삭제한 상태)
2 2 8 3 4 13 13 16 9 4 11 50 25 96 20 20 45 13 19 4 11 (11을 insert 한 상태)
1 2 8 3 2 13 13 16 9 4 4 50 25 96 20 20 45 13 19 4 11 11 (1을 insert 한 상태)
2 2 8 3 4 13 13 16 9 4 11 50 25 96 20 20 45 13 19 4 11 (min값을 삭제한 상태)