10 25 
1 2 4 
1 3 7                adj. list 만들기
1 5 6                nearest distance 초기화
1 6 25               heap  (1,0) 으로 시작
1 9 13               (n-1) 번 수행하되
1 10 11                flag 꼭 사용해야 함
2 3 2 
2 7 14 
2 8 15 
2 9 10 
2 10 12 
3 4 3 
3 5 1 
3 6 20 
4 5 8 
4 8 9 
4 10 23 
5 8 19 
5 9 10 
6 7 27 
6 10 24 
7 9 22 
7 10 17 
8 9 34 
9 10 5 


1 : (2, 4) (3, 7) (5, 6) (6, 25) (9, 13) (10, 11)
2 : (1, 4) (3, 2) (7, 14) (8, 15) (9, 10) (10, 12)
3 : (1, 7) (2, 2) (4, 3) (5, 1) (6, 20)
4 : (3, 3) (5, 8) (8, 9) (10, 23)
5 : (1, 6) (3, 1) (4, 8) (8, 19) (9, 10)
6 : (1, 25) (3, 20) (7, 27) (10, 24)
7 : (2, 14) (6, 27) (9, 22) (10, 17)
8 : (2, 15) (4, 9) (5, 19) (9, 34)
9 : (1, 13) (2, 10) (5, 10) (7, 22) (8, 34) (10, 5)
10 : (1, 11) (2, 12) (4, 23) (6, 24) (7, 17) (9, 5)
count : 50


4 7 6 25 13 11
2 6 10 7 13 11 15 25 14
1 3 10 14 6 11 15 25 20 13 7
3 6 10 14 7 11 15 25 20 13
6 7 10 14 9 11 15 25 20 13
10 13 11 14 20 25 15
5 13 11 14 20 25 15
11 13 15 14 20 25
15 20 25


parent : 1 2 3 3 3 2 4 2 9
weight 합 :  68
-1 1 2 3 3 3 2 4 2 9
