20 51
0 1 36
0 2 24
0 3 41
0 8 13
1 4 15
1 5 14
1 6 9
1 10 3
2 5 14
2 8 8
2 11 9
3 6 20
3 7 13
3 11 9
4 9 6
4 12 10
5 6 6
5 9 8
5 10 12
6 10 10
6 11 4
7 16 10
7 20 13
8 15 8
8 16 15
9 12 9
9 13 13
9 21 6
10 13 4
10 14 20
11 10 7
11 14 9
11 15 30
12 17 6
12 18 4
13 17 10
13 18 6
14 18 12
14 19 16
15 16 4
15 19 23
15 20 4
16 20 14
17 18 3
17 21 7
18 19 2
18 21 11
19 20 3
19 21 20
20 19 9
20 21 14




총 노드 개수 : 100
0:->(1 36 0 14523712)->(2 24 0 14522920)->(3 41 0 14523136)->(8 13 0 14547208)
1:->(0 0 0 14522776)->(4 15 0 14547424)->(5 14 0 14548432)->(6 9 0 14547568)->(10 3 0 14547640)
2:->(0 0 0 14523352)->(5 14 0 14547712)->(8 8 0 14547928)->(11 9 0 14547064)
3:->(0 0 0 14523064)->(6 20 0 14548072)->(7 13 0 14547280)->(11 9 0 14548144)
4:->(1 0 0 14548576)->(9 6 0 14548360)->(12 10 0 14546992)
5:->(1 0 0 14547496)->(2 0 0 14548000)->(6 6 0 14545552)->(9 8 0 14546560)->(10 12 0 14544760)
6:->(1 0 0 14548648)->(3 0 0 14547856)->(5 0 0 14545696)->(10 10 0 14545840)->(11 4 0 14545984)
7:->(3 0 0 14547136)->(16 10 0 14545408)->(20 13 0 14544904)
8:->(0 0 0 14523424)->(2 0 0 14547784)->(15 8 0 14546128)->(16 15 0 14546200)
9:->(4 0 0 14548216)->(5 0 0 14545624)->(12 9 0 14546704)->(13 13 0 14546776)->(21 6 0 14546848)
10:->(1 0 0 14548504)->(5 0 0 14544832)->(6 0 0 14545768)->(13 4 0 14546920)->(14 20 0 14545192)->(11 0 0 14545480)
11:->(2 0 0 14548720)->(3 0 0 14548288)->(6 0 0 14545912)->(10 7 0 14546416)->(14 9 0 14550736)->(15 30 0 14549152)
12:->(4 0 0 14547352)->(9 0 0 14546632)->(17 6 0 14550376)->(18 4 0 14549296)
13:->(9 0 0 14545264)->(10 0 0 14546272)->(17 10 0 14549368)->(18 6 0 14548864)
14:->(10 0 0 14545048)->(11 0 0 14546488)->(18 12 0 14549512)->(19 16 0 14549872)
15:->(8 0 0 14544976)->(11 0 0 14550808)->(16 4 0 14550520)->(19 23 0 14550592)->(20 4 0 14549584)
16:->(7 0 0 14545336)->(8 0 0 14545120)->(15 0 0 14549944)->(20 14 0 14550880)
17:->(12 0 0 14549656)->(13 0 0 14550232)->(18 3 0 14549800)->(21 7 0 14550952)
18:->(12 0 0 14549080)->(13 0 0 14550304)->(14 0 0 14550448)->(17 0 0 14550016)->(19 2 0 14551024)->(21 11 0 14548936)
19:->(14 0 0 14549440)->(15 0 0 14549008)->(18 0 0 14550088)->(20 3 0 14552680)->(21 20 0 14551456)
20:->(7 0 0 14546056)->(15 0 0 14550664)->(16 0 0 14549728)->(19 9 0 14550160)->(21 14 0 14551312)
21:->(9 0 0 14546344)->(17 0 0 14549224)->(18 0 0 14551096)->(19 0 0 14552176)->(20 0 0 14551672)



Max Flow is 58

